1	2314	2250	2189	1848	1531	1843	1391	1406	2718	1321
2	2642	3552	2019	1837	2017	1885	2770	2474	2089	1863
3	4873	3273	3929	2885	3575	3561	2522	2766	2596	2748
4	5117	4590	4027	4675	4586	4446	4406	4337	4210	4641
5	8226	10040	8505	9958	7380	7977	7604	7882	8117	8243
6	13214	12368	12433	11719	12183	10487	11306	11543	11993	12401
7	18006	30513	17386	17390	17174	17192	18141	17393	16750	18509
8	25145	23686	24979	24200	22453	25371	25826	24467	25817	24482
9	30837	34897	33403	33879	33242	35181	34329	34236	33988	32502
10	45064	42811	41123	42736	42626	42204	39966	39505	42767	40986
11	55045	55472	52885	54343	52225	59809	58355	58394	58411	81135
12	75510	75071	72486	69545	71118	71786	71549	73394	73418	72069
13	90849	91037	91658	91180	90459	89974	90660	105539	93214	92717
14	123169	115120	98270	99325	98327	98224	97235	99354	89256	98516
15	140720	141207	141241	88473	88860	86501	87245	87292	85392	89584
16	108011	101686	107261	107467	108236	109151	75316	76646	74730	76854
17	91578	101713	88976	90848	91003	91650	95552	91128	97905	95791
18	131651	89504	88001	89998	92658	91919	886323	88757	88109	86680
19	107476	101410	114883	102646	105148	105759	103963	105255	109563	102976
20	132495	120453	123263	126869	125741	121022	121694	122894	127653	125851
21	140088	130383	128942	127398	126962	128365	126469	136425	130974	95308
22	169727	156887	167162	176545	146052	134084	148533	139515	141392	140137
23	163973	178071	185101	175230	168710	169179	183108	179172	161566	185008
24	188653	188128	190793	185175	178120	194882	213384	207809	834042	211872
25	246587	241846	251741	240814	220948	219546	215514	227546	251824	233405
26	318002	278413	281548	239115	244819	198542	141570	239568	194966	140210
27	171018	161221	265264	159679	281005	253352	199283	275158	285839	265838
28	302452	317209	290656	393781	298488	335790	306718	335637	329812	297902
29	345632	336714	339909	355310	329887	381058	374099	328947	335615	333604
30	372571	378186	404043	397821	395909	419250	411439	403240	548037	471626
31	448555	456031	463813	468723	469489	449262	490266	455874	464756	473848
32	692042	438209	451484	337037	356137	496659	450238	273243	280156	283781
33	297611	292113	318794	294592	291601	444936	341754	295327	533339	465542
34	691324	407597	402009	348789	389085	510347	374511	526317	593295	402087
35	578516	642829	517629	602706	765277	615845	547033	628023	331529	352492
36	382950	369948	377124	384982	367172	404688	358706	368993	588499	369034
37	687944	487567	700862	407636	611643	843972	726775	748633	634132	498195
38	441486	581068	492056	485628	421527	451429	419182	606233	768265	832201
39	821138	866313	902028	814766	817062	1048699	902296	513402	909340	896367
40	972692	1069549	1017358	986729	638702	829431	662610	790638	575764	1007649
41	906875	975512	850203	536743	534327	981481	620664	654206	527765	621725
42	681347	985849	1051316	803701	994583	1008894	1038111	712282	816270	838360
43	846078	682686	639820	632416	896076	925383	1049133	661838	1248343	1064597
44	745286	765741	1195626	1103028	652972	735070	742916	717496	785190	1256683
45	1373045	1378250	1045444	1041824	926838	786334	774110	701134	696322	696497
46	754674	921628	1127296	940086	1315366	1293237	856030	974819	948887	767584
47	1850185	799232	1300123	1191013	972208	1097348	1479670	1130119	1010295	890359
48	877384	978787	1550421	1745320	1699069	939073	1563595	884969	880512	846915
49	906981	1019423	899802	898378	1423020	1833764	1807978	1692033	1662679	1087888
50	1003326	958834	1147475	1908321	1867226	1253967	1372597	995325	1008008	954105
51	1122003	1009004	1807609	1725315	1837816	1368639	1110433	1053385	1049315	1118964
52	1592180	2173226	2051245	1448268	2083236	1071025	1084052	1068371	1170903	1067284
53	1330898	2235557	2154105	1748644	1129993	1581261	1129364	1576790	2230881	1514229
54	2263671	1325170	1206976	1195149	1392475	2033453	1712078	1683230	1585425	1229865
55	1370251	1300385	1540955	1419768	2301661	2467849	1689404	1393172	1304531	1506997
56	1418006	1951358	1561840	1713438	1523942	1504310	2040233	2031524	2681734	2429237
57	2338014	1735169	1817103	1587225	2686595	2373261	1665567	1477152	1643672	1414347
58	1493343	1473708	2508822	2380875	1777876	1713760	1518205	1474121	2462066	2706876
59	2095609	1955635	1633159	1718406	2255958	1894827	2475356	1741820	1609067	1632295
60	1638025	1629416	2351418	3286983	3264894	3410355	2196589	2958189	2617433	1698496
61	1843206	1803491	1754312	1910709	2915794	2783555	1790326	1710719	1904334	1929677
62	3293314	2058198	1812481	1822098	2263281	3403594	2584329	2735921	1825174	1909722
63	3136180	2211573	2874664	2261633	2063683	1942595	3413777	3683017	3345477	2675725
64	3222057	3759824	2520123	2567161	2180716	3832073	2734103	2026059	2294266	2844766
65	3446324	2678875	2333165	2574576	2063885	2219022	3232894	3136825	2735727	2301767
66	2165482	2837072	3994096	2552478	2447020	3558087	3973415	2936925	2256173	2225613
67	3674147	3761131	2391070	2521187	3208875	4187759	2698235	2258629	2512986	3235420
68	3414180	4342778	2770852	4404276	3677585	2677812	2433678	3228407	3141871	3704717
69	3013569	3300064	4811601	3597707	2757447	4566470	3221642	2550191	2746755	3742387
70	3703993	2721482	2892262	3160903	4333156	2753636	2743188	2571386	4315483	2843317
71	3267470	2829872	3816845	4369623	2821454	4072407	4042916	3494613	2788828	4789925
72	4068664	2920408	2968610	3601454	4320001	3176445	3140996	5089920	4677580	2935674
73	4772886	5112707	3529848	4816310	3931959	2973234	2915985	3006665	4456675	3750163
74	3195208	4658171	4331185	3265288	4002512	4356642	3206269	3248940	4362426	4133912
75	3701102	3717334	6018445	5984190	3632998	4065725	6119619	5656991	6203280	3386058
76	5728408	5722826	5329660	3612045	5256323	3823519	3410184	7274462	4313617	5512435
77	5046988	3616509	7447769	5281583	4307548	7510614	6408286	6586668	4948659	7032927
78	5843084	5350251	7421792	5391067	3681872	5780942	3909214	5518527	7704469	3780108
79	5853270	8019506	3921898	5337168	6189232	4884038	7053707	4877694	4767243	5777596
80	11514123	7258867	11193906	7607726	11402212	7695737	7493428	7427880	7270263	7008243
81	7691664	7739758	7700466	7458700	6320821	6382568	5275889	8095603	8382672	7907715
82	6142237	6580566	5145339	6023149	5859637	4954826	6752301	4299746	6224264	6029560
83	4756291	5983628	4720985	4522668	5213384	4961870	5683566	4677074	4576808	5109681
84	4837665	4504363	4857191	6495607	4542855	5908120	4618320	4983229	6373657	4500260
85	6068729	4805048	4674246	5794671	4829584	4745512	6648361	4799058	5893934	5139895
86	5083773	6427423	9429255	6416581	5129564	6414486	5188040	5307056	6502958	5010069
87	5165051	6355123	5334711	6675976	5350063	9133312	5968662	7037940	5398118	6364193
88	5819839	5572240	6615061	5374656	6730753	5266381	5374714	6396432	9227596	6472847
89	5390242	6812171	5500706	7218223	5353852	6892170	5890783	5674267	6929537	5737315
90	6792261	6388370	6499571	6315475	6006782	6457674	5714936	6789660	5530200	6905807
91	5813539	6918669	6192519	8404885	7222858	6513805	5968048	5841102	7603958	5884085
92	7361723	5989065	7795433	6151196	7727686	6337192	8200750	6306480	7384103	6248725
93	8286540	6447298	7769850	7527786	7334484	11759883	11159252	7843175	11278340	7012011
94	12605710	6675838	9246246	6434191	10022140	9919522	12906191	8053146	6880555	12268513
95	8467400	12951853	7279222	11099385	13075399	9513053	10227639	8770851	7111271	10829330
96	7206000	9189863	13626834	13307584	7984635	9096105	8056219	7809956	11744652	11644986
97	8064161	10140741	7426683	11613818	12006421	7258443	10720584	7252342	11640004	11881293
98	9824175	7557494	9654922	9369751	7805488	8843877	10988141	9268124	10341284	8546080
99	9657519	8035299	9294817	11232956	7928732	11621324	11426607	8775034	15607343	8877787
100	9530036	7862846	9917498	8255536	7686940	10185528	8269984	9087171	8010358	8159418
101	10361686	8013584	16235740	9745190	11444527	10736476	9336088	12424415	12751190	8160191
102	16035684	17350250	11106575	10379818	10741712	8890470	13628828	10616780	10366103	10408836
103	14763911	13888966	10977555	9040108	11274069	14189152	14199864	10865034	8493291	9991030
104	9771135	8829355	9775555	9109972	12171177	10026951	9896357	8733604	10027904	8488737
105	9552442	10444360	13816453	8901026	10461736	10651017	8728688	9883508	10867459	9340772
106	10363747	11725544	11086991	9379023	10900030	10779249	9388881	10461247	12180909	10616764