255
255
255
255
255
255
255
255
255
255
255
255
255
255
255
255
255
255
255
255
255
255
255
255
255
255
255
255
255
255
255
255
255
255
255
255
255
255
255
255
255
255
255
255
255
255
255
255
255
255
255
255
255
255
255
255
255
255
255
255
255
255
255
255
255
255
255
255
255
255
255
255
255
255
255
255
255
255
255
255
255
255
255
255
255
255
255
255
255
255
255
255
255
255
255
255
255
255
255
255
255
255
255
255
255
255
255
255
255
255
255
255
255
255
255
255
255
255
255
255
255
255
255
255
255
255
255
255
255
255
255
255
255
255
255
255
255
255
255
255
255
255
255
255
255
255
255
255
255
255
255
255
255
255
255
255
255
255
255
255
255
255
255
255
255
255
255
255
255
255
255
255
255
255
255
255
255
255
255
255
255
255
255
255
255
255
255
255
255
255
255
255
255
255
255
255
255
255
255
255
255
255
255
255
255
255
  0
  0
255
255
255
255
255
255
255
255
255
255
255
255
255
255
255
255
255
255
255
255
255
255
255
255
255
255
255
255
255
255
255
255
255
255
255
255
255
255
255
255
255
255
255
255
255
255
255
255
255
255
255
255
255
255
255
255
255
255
255
255
255
255
255
255
255
255
255
255
255
255
255
255
255
255
255
255
255
  0
  4
 18
 10
  0
255
255
255
255
255
255
255
255
255
255
255
  0
  0
  0
255
255
255
255
255
255
255
255
255
255
255
255
255
255
255
255
255
255
255
255
255
255
255
255
255
255
255
255
255
255
255
255
255
255
255
255
255
255
255
255
255
255
255
255
255
255
255
255
255
255
255
255
255
255
255
255
255
255
255
255
255
  1
 48
 93
 52
  4
  0
255
255
255
255
255
255
255
255
255
  0
  2
 18
 11
  0
255
255
255
255
255
255
255
255
255
255
255
255
255
255
255
255
255
255
255
255
255
255
255
255
255
255
255
255
255
255
255
255
255
255
255
255
255
255
255
255
255
255
255
255
255
255
255
255
255
255
255
255
255
255
255
255
255
255
255
  0
 22
 96
108
100
 45
  1
  0
255
255
255
255
255
255
255
  0
  2
 44
 98
 61
  5
255
255
255
255
255
255
255
255
255
255
255
255
255
255
255
255
255
255
255
255
255
255
255
255
255
255
255
255
255
255
255
255
255
255
255
255
255
255
255
255
255
255
255
255
255
255
255
255
255
255
255
255
255
255
255
255
255
255
255
  0
 52
 98
 42
 43
 86
 42
  1
  0
255
255
255
255
255
255
  7
 54
 97
 93
 98
 30
  0
255
255
255
255
255
255
255
255
255
255
255
255
255
255
255
255
255
255
255
255
255
255
255
255
255
255
255
255
255
255
255
255
255
255
255
255
255
255
255
255
255
255
255
255
255
255
255
255
255
255
255
255
255
255
255
255
255
  0
  6
 79
 56
  0
  0
 36
 93
 33
  0
255
255
255
255
255
  7
 60
 96
 36
 10
 70
 64
  0
255
255
255
255
255
255
255
255
255
255
255
255
255
255
255
255
255
255
255
255
255
255
255
255
255
255
255
255
255
255
255
255
255
255
255
255
255
255
255
255
255
255
255
255
255
255
255
255
255
255
255
255
255
255
255
255
255
  0
 21
 88
 21
  0
  0
  2
 62
 86
 14
  0
255
255
255
  0
 52
100
 52
  0
  0
 24
 85
 18
  0
255
255
255
255
255
255
255
255
255
255
255
255
255
255
255
255
255
255
255
255
255
255
255
255
255
255
255
255
255
255
255
255
255
255
255
255
255
255
255
255
255
255
255
255
255
255
255
255
255
255
255
255
255
255
255
255
  0
 39
 89
  9
  0
  0
  0
  7
 55
 26
  0
  0
  0
  0
  0
 48
 60
  7
  0
  0
  5
 80
 43
  0
255
255
255
255
255
255
255
255
255
255
255
255
255
255
255
255
255
255
255
255
255
255
255
255
255
255
255
255
255
255
255
255
255
255
255
255
255
255
255
255
255
255
255
255
255
255
255
255
255
255
255
255
255
255
255
255
  0
 57
 82
  3
  0
  1
  7
 18
 34
 54
 62
 68
 73
 62
 39
 19
  2
  0
  0
  0
  0
 49
 69
  2
255
255
255
255
255
255
255
255
255
255
255
255
255
255
255
255
255
255
255
255
255
255
255
255
255
255
255
255
255
255
255
255
255
255
255
255
255
255
255
255
255
255
255
255
255
255
255
255
255
255
255
255
255
255
255
255
  0
 57
 46
 16
 52
 71
 86
 99
102
 98
106
109
108
109
105
 85
 53
 21
  4
  0
  0
 12
 68
 16
  0
255
255
255
255
255
255
255
255
255
255
255
255
255
255
255
255
255
255
255
255
255
255
255
255
255
255
255
255
255
255
255
255
255
255
255
255
255
255
255
255
255
255
255
255
255
255
255
255
255
255
255
255
255
255
  0
  0
 11
 46
 93
109
109
109
 89
 70
 60
 55
 96
109
 96
 51
 57
 63
 88
 80
 50
 23
  4
 30
 18
  0
255
255
255
255
255
255
255
255
255
255
255
255
255
255
255
255
255
255
255
255
255
255
255
255
255
255
255
255
255
255
255
255
255
255
255
255
255
255
255
255
255
255
255
255
255
255
255
255
255
255
255
255
255
  0
  0
  0
  9
 63
 98
107
108
 90
 45
106
118
103
 68
107
 62
 87
120
107
 60
106
109
101
 77
 37
  6
  0
255
255
255
255
255
255
255
255
255
255
255
255
255
255
255
255
255
255
255
255
255
255
255
255
255
255
255
255
255
255
255
255
255
255
255
255
255
255
255
255
255
255
255
255
255
255
255
255
255
255
255
255
  0
  0
  0
  0
  0
  1
 23
 85
110
 72
 47
 54
 41
123
 60
 96
 79
121
 33
 98
 66
 89
108
108
109
105
 41
  0
255
255
255
255
255
255
255
255
255
255
255
255
255
255
255
255
255
255
255
255
255
255
255
255
255
255
255
255
255
255
255
255
255
255
255
255
255
255
255
255
255
255
255
255
255
255
255
255
255
255
255
255
  0
  5
 27
 42
 50
 59
 79
102
108
 96
 62
104
102
 87
 47
 99
 80
126
 67
112
 67
 87
109
108
 98
 66
 18
  0
  0
255
255
255
255
255
255
255
255
255
255
255
255
255
255
255
255
255
255
255
255
255
255
255
255
255
255
255
255
255
255
255
255
255
255
255
255
255
255
255
255
255
255
255
255
255
255
255
255
255
255
  0
  0
  3
 29
 63
 92
107
109
107
107
108
 83
 65
 60
 53
 91
110
 76
 87
107
 81
 45
101
109
 82
 24
  1
  0
  0
  0
  0
255
255
255
255
255
255
255
255
255
255
255
255
255
255
255
255
255
255
  0
  0
  0
  0
  0
  0
  0
  0
255
255
255
255
255
255
255
255
255
255
255
255
255
255
255
255
255
255
255
255
255
255
255
  0
  0
  0
  0
  0
 13
 46
 98
108
107
107
108
104
103
102
 84
 73
 80
 76
 65
 65
 94
108
107
 96
 73
 61
 54
 48
 31
  4
  0
255
255
255
255
255
255
255
255
255
255
255
255
255
255
255
  0
  0
  0
 13
 46
 45
 18
  0
  0
  0
  0
  0
255
255
255
255
255
255
255
255
255
255
255
255
255
255
255
255
255
  0
  0
  0
  0
  0
 10
 30
 48
 65
 75
 84
102
107
107
109
109
107
107
 48
  5
  0
  5
 52
107
109
108
107
107
108
108
100
 84
 61
 32
  2
  0
255
255
255
255
255
255
255
255
255
255
255
255
255
  0
  0
  0
  0
  2
 68
108
107
 66
  0
  1
 21
 32
  8
  0
  0
255
255
255
255
255
255
255
255
255
255
255
255
255
255
255
  0
  0
  0
  0
  5
 30
 68
 91
102
109
110
109
108
107
 80
 75
107
107
 45
  0
  0
  0
 20
100
108
108
109
108
108
 87
 27
  6
  0
  0
  0
  0
255
255
255
255
255
255
255
255
255
255
255
255
  0
  0
  0
  0
  0
 18
 98
108
109
 66
  0
 43
 99
100
 21
  0
  0
  0
255
255
255
255
255
255
255
255
255
255
255
255
255
255
255
255
255
  0
 23
 80
 57
 41
 34
 41
 64
 95
 94
 55
 30
 65
107
108
 91
 23
  0
  6
 63
107
107
 66
 60
100
109
105
 86
 73
 58
 27
  0
  0
  0
  0
  0
  0
  0
  0
  0
255
255
255
255
  0
  0
  0
  0
  0
  0
 29
105
107
107
 53
 13
 94
111
 84
  7
  0
  0
  0
  0
255
255
255
255
255
255
255
255
255
255
255
255
255
  0
255
255
  0
 11
 88
110
105
 93
 71
 50
 41
 17
 12
 71
 99
106
107
109
 91
 20
 58
107
107
107
 84
 39
 30
 73
 81
 77
 72
 66
 43
  3
  0
  0
  0
  0
  0
  0
  0
  0
255
255
255
255
  0
  0
  0
  0
  0
  0
 13
 44
 43
 41
 16
 11
 68
 90
 42
  0
 11
 47
 31
  0
  0
255
255
255
255
255
255
255
255
255
255
  0
  0
  0
  0
  0
  0
  1
 27
 49
 58
 77
 96
107
 84
 55
 82
 69
 48
 81
108
107
107
 41
 84
109
107
108
 99
 49
 16
  5
 34
 48
 48
 50
 57
 55
  9
  0
  0
  0
  0
255
255
255
255
255
255
255
  0
  0
  0
  0
  0
  0
  0
  0
  0
  0
  0
  0
  4
  8
  5
 41
 88
109
 87
  9
  0
255
255
255
255
255
255
255
255
255
255
  0
  0
  0
  0
  0
  0
 16
 78
 68
 48
 33
 31
 41
 23
 31
 64
 77
 81
 91
106
107
106
 41
 84
109
107
108
106
100
 98
 32
 73
112
110
110
111
103
 25
  0
255
255
255
255
255
255
255
255
255
255
255
  0
  0
  0
  0
  0
  0
255
255
255
255
255
  0
  0
  4
 64
109
107
 68
  5
  0
255
255
255
255
255
255
255
255
255
255
255
255
255
255
  0
  0
  9
 66
 95
 98
 98
 93
 77
 24
 57
 77
 72
 67
 68
 98
108
106
 41
 84
109
100
 67
 59
 57
 55
 23
 32
 64
 71
 73
 74
 55
  9
  0
  0
  0
  0
  0
255
255
255
255
255
255
255
  0
  0
  0
  0
255
255
255
255
255
255
255
255
255
  0
  8
 61
 46
  5
  0
  0
255
255
255
255
255
255
255
255
255
255
255
255
255
  0
  0
  0
  0
 10
 39
 44
 52
 63
 66
 25
 24
 59
 69
 83
106
107
107
106
 41
 84
109
105
 91
 85
 80
 71
 36
 27
 70
 67
 55
 41
 15
  0
  0
  0
  0
  0
  0
  0
  0
255
255
255
255
255
255
255
255
255
255
255
255
255
255
255
255
255
255
255
  0
  2
 11
 48
 41
  3
  0
255
255
255
255
255
255
255
255
255
255
255
255
  0
  0
  0
  0
  8
 71
104
102
102
 98
 57
 15
 69
 80
 84
105
107
107
106
 41
 84
109
107
106
 88
 82
104
 56
 71
112
109
109
108
 49
  0
  0
  0
  0
  0
  0
  0
  0
255
255
255
255
255
255
255
255
255
255
255
255
255
255
255
255
255
255
255
  0
  3
 70
109
 99
 24
  0
255
255
255
255
255
255
255
255
255
  0
  0
  0
  0
  0
  0
  0
  0
 14
 77
109
108
108
105
 45
 50
100
109
109
109
109
 98
 25
 79
110
108
106
 78
 35
 25
 13
 50
 98
106
108
 84
 20
  0
255
255
255
255
255
255
255
255
255
255
255
255
255
255
255
255
255
255
255
255
255
255
255
255
255
255
255
  2
 68
111
 86
 14
  0
255
255
255
255
255
255
255
  0
  0
  4
  1
  0
  0
  0
 39
 15
  0
  0
 11
 68
106
108
108
 98
 47
 32
 46
 59
 63
 58
 45
 46
 58
 85
100
105
105
 82
 34
 73
 87
 66
 45
 39
 17
  0
255
255
255
255
255
255
255
255
255
255
255
255
255
255
255
255
255
255
255
255
255
255
255
255
255
255
255
255
  0
 34
 93
 29
  0
  0
255
255
255
255
255
  0
  0
  0
  2
 58
 32
  0
  0
  2
 75
 36
  0
  0
  0
  8
 44
 93
109
109
106
 89
 70
 61
 59
 25
 83
164
122
 16
 27
 32
 31
 51
 93
109
109
107
 71
  7
  0
  0
  0
  0
  0
  0
255
255
255
255
255
255
255
255
255
255
255
255
255
255
255
255
255
255
255
255
255
255
255
255
  0
  7
 23
  0
  5
  4
  0
255
255
255
  0
  0
  0
  0
  7
 89
 55
  0
  0
  2
 78
 57
  0
  0
 11
 69
 39
 23
 55
 90
106
110
111
110
111
 83
 69
148
 82
 43
 84
 73
 81
103
109
109
107
 85
 34
  1
  0
  0
  0
  0
  0
  0
  0
255
255
255
255
255
255
255
255
255
255
255
255
255
255
255
255
255
255
255
255
255
255
255
255
  0
 11
 48
 81
 36
  0
  0
255
  1
 30
 17
  0
  0
 12
 96
 69
  1
  0
  2
 78
 80
  3
  0
 12
 96
107
 82
 43
 25
 36
 61
 83
 96
103
105
 62
 42
 47
 98
110
109
100
 93
 91
 80
 56
 21
  0
  0
255
255
255
255
255
  0
255
255
255
255
255
255
255
255
255
255
255
255
255
255
255
255
255
255
255
255
255
255
255
255
255
  0
 52
109
109
 46
  0
  0
  0
 19
 91
 64
  0
  0
 19
100
 95
 16
  0
  2
 77
 98
 16
  0
  9
 91
109
109
107
 93
 66
 39
 25
 22
 27
 34
 38
 35
 44
 46
 43
 40
 20
 13
 16
  9
  0
  0
255
255
255
255
255
255
255
255
255
255
255
255
255
255
255
255
255
255
255
255
255
255
255
255
255
255
255
255
255
255
255
255
255
  0
 44
107
 91
 15
  6
 16
  8
 57
109
 90
 10
  0
 31
105
107
 43
  0
  2
 77
108
 39
  0
  7
 87
109
107
107
108
109
107
 95
 83
 68
 53
 41
 32
 24
 19
  5
  0
  0
  0
  0
255
255
255
255
255
255
255
255
255
255
255
255
255
255
255
255
255
255
255
255
255
255
255
255
255
255
255
255
255
255
255
255
255
255
255
255
  0
 14
 75
 47
 23
 80
 98
 88
102
108
105
 32
  0
 39
107
109
 76
  3
  2
 77
111
 69
  1
  5
 82
109
107
107
107
107
108
107
108
101
107
107
105
100
 87
 23
  0
255
255
255
255
255
255
255
255
255
255
255
255
255
255
255
255
255
255
255
255
255
255
255
255
255
255
255
255
255
255
255
255
255
255
255
255
255
255
255
255
  0
 11
 29
 93
109
109
109
107
107
109
 61
  0
 41
107
108
 99
 21
  0
 68
109
 98
 21
  2
 79
109
107
107
107
107
104
107
105
103
106
105
107
109
 75
  7
255
255
255
255
255
255
255
255
255
255
255
255
255
255
255
255
255
255
255
255
255
255
255
255
255
255
255
255
255
255
255
255
255
255
255
255
255
255
255
255
255
255
  0
 23
 82
 99
100
100
107
107
109
 88
  7
 39
107
107
108
 52
  0
 52
109
109
 67
  6
 77
109
107
107
107
107
103
107
101
105
107
102
101
103
 42
  0
255
255
255
255
255
255
255
255
255
255
255
255
255
255
255
255
255
255
255
255
255
255
255
255
255
255
255
255
255
255
255
255
255
255
255
255
255
255
255
255
255
255
  0
  0
 12
 27
 25
 33
100
108
107
104
 28
 33
106
107
109
 83
  5
 50
109
107
105
 52
 84
109
107
107
 99
104
107
102
107
106
107
104
105
 76
 11
255
255
255
255
255
255
255
255
255
255
255
255
255
255
255
255
255
255
255
255
255
255
255
255
255
255
255
255
255
255
255
255
255
255
255
255
255
255
255
255
255
255
255
255
255
  0
  0
  0
  5
 77
109
107
109
 55
 28
104
107
107
104
 45
 57
109
107
108
105
105
107
107
107
106
105
106
102
106
106
107
108
102
 31
  0
255
255
255
255
255
255
255
255
255
255
255
255
255
255
255
255
255
255
255
255
255
255
255
255
255
255
255
255
255
255
255
255
255
255
255
255
255
255
255
255
255
255
255
255
255
255
255
  0
  0
 51
109
107
108
 96
 82
106
107
107
108
104
102
107
107
107
107
107
107
107
103
105
 99
101
107
105
105
107
109
 69
 14
  4
  0
255
255
255
255
255
255
255
255
255
255
255
255
255
255
255
255
255
255
255
255
255
255
255
255
255
255
255
255
255
255
255
255
255
255
255
255
255
255
255
255
255
255
255
255
255
255
255
  0
 26
102
107
107
108
109
107
107
107
107
107
108
107
107
107
107
107
107
107
107
107
107
107
107
105
107
109
 96
 40
 61
  6
  0
  0
  0
255
255
255
255
255
255
255
255
255
255
255
255
255
255
255
255
255
255
255
255
255
255
255
255
255
255
255
255
255
255
255
255
255
255
255
255
255
255
255
255
255
255
255
255
255
  0
  8
 85
109
107
107
107
107
107
107
107
107
107
107
107
107
107
107
 93
102
108
105
107
107
107
107
109
103
 50
 69
 57
  0
 10
  2
  0
  0
  0
255
255
255
255
255
255
255
255
255
255
255
255
255
255
255
255
255
255
255
255
255
255
255
255
255
255
255
255
255
255
255
255
255
255
255
255
255
255
255
255
255
255
  0
  3
 34
 95
108
107
107
107
107
107
107
107
107
107
107
107
107
107
107
105
107
107
105
107
107
107
108
 89
 34
 32
104
 47
 25
 68
  6
  0
  0
  0
  0
  0
255
255
255
255
255
255
255
255
255
255
255
255
255
255
255
255
255
255
255
255
255
255
255
255
255
255
255
255
255
255
255
255
255
255
255
255
255
255
  0
  0
 11
 57
 91
105
109
107
107
107
107
107
107
107
107
107
107
107
107
107
107
107
107
107
107
107
107
109
 89
 19
  0
 36
104
 86
 93
 61
  0
  7
 46
 61
 34
  2
  0
255
255
255
255
255
255
255
255
255
255
255
255
255
255
255
255
255
255
255
255
255
255
255
255
255
255
255
255
255
255
255
255
255
255
255
255
  0
  0
 21
 78
107
 46
 29
 73
104
106
108
109
108
107
107
107
107
107
107
107
107
107
108
109
109
108
107
107
106
 43
  0
  0
  4
 52
106
107
 32
  5
 64
106
 83
 71
 16
  0
255
255
255
255
255
255
255
255
255
255
255
255
255
255
255
255
255
255
255
255
255
255
255
255
255
255
255
255
255
255
255
255
255
255
255
255
  0
 16
 82
 84
 97
 79
  7
  4
 32
 34
 50
 73
 91
102
108
109
109
109
109
108
107
104
 98
 89
 80
100
108
108
 66
  4
  0
  0
  0
  5
 50
100
 59
 71
107
105
 77
 29
  2
  0
255
255
255
255
255
255
255
255
255
255
255
255
255
255
255
255
255
255
255
255
255
255
255
255
255
255
255
255
255
255
255
255
255
255
255
  0
  0
 59
107
 49
 19
 64
 39
  0
  0
  0
  2
 17
 37
 38
 43
 59
 67
 66
 63
 57
 51
 42
 30
 16
  5
 43
105
 82
 11
 12
 35
  8
  0
  0
  2
 35
 85
107
109
 71
 50
 59
  8
  0
255
255
255
255
255
255
255
255
255
255
255
255
255
255
255
255
255
255
255
255
255
255
255
255
255
255
255
255
255
255
255
255
255
255
255
  0
 13
 89
102
 97
 30
  2
  9
  0
  0
  0
 32
 95
 83
 25
  0
  0
  0
  0
  0
  0
  0
  0
  0
255
  0
  9
 81
 64
 52
 91
 73
  4
  0
  0
  0
  0
 11
 37
 55
 51
 13
  2
  0
255
255
255
255
255
255
255
255
255
255
255
255
255
255
255
255
255
255
255
255
255
255
255
255
255
255
255
255
255
255
255
255
255
255
255
255
  0
 18
 59
 58
101
 82
 12
  0
  0
  0
  0
 56
102
 32
  0
  0
  0
  0
255
255
255
255
255
255
255
255
  0
 57
107
109
 97
 23
  0
  7
 11
  3
255
  0
  0
  0
  0
  0
  0
  0
255
255
255
255
255
255
255
255
255
255
255
255
255
255
255
255
255
255
255
255
255
255
255
255
255
255
255
255
255
255
255
255
255
255
255
255
255
  0
 16
 90
 65
 91
 53
  0
  0
255
  0
 59
108
 75
 18
  0
  0
  0
255
255
255
255
255
255
255
255
  0
 36
101
107
 50
  9
 50
 86
 87
 45
  0
255
255
255
255
255
255
255
255
255
255
255
255
255
255
255
255
255
255
255
255
255
255
255
255
255
255
255
255
255
255
255
255
255
255
255
255
255
255
255
255
255
255
255
255
  0
  9
 42
 38
 74
 24
  0
  0
  0
  0
 58
 66
 13
  1
  0
  0
  0
255
255
255
255
255
255
255
255
255
 10
 74
104
 61
 83
108
107
106
 85
 14
255
255
255
255
255
255
255
255
255
255
255
255
255
255
255
255
255
255
255
255
255
255
255
255
255
255
255
255
255
255
255
255
255
255
255
255
255
255
255
255
255
255
255
255
  0
  0
  0
  9
  9
  0
  0
255
  0
  0
 58
 89
 59
 53
 46
 12
  0
255
255
255
255
255
255
255
255
255
  0
 25
 91
109
108
101
 89
 45
 73
 23
  0
255
255
255
255
255
255
255
255
255
255
255
255
255
255
255
255
255
255
255
255
255
255
255
255
255
255
255
255
255
255
255
255
255
255
255
255
255
255
255
255
255
255
255
255
255
  0
  0
  0
  0
255
255
255
  0
 58
110
109
107
 97
 68
  4
  0
255
255
255
255
255
255
255
255
255
  0
 30
 87
108
 59
 70
 82
 19
  5
  0
255
255
255
255
255
255
255
255
255
255
255
255
255
255
255
255
255
255
255
255
255
255
255
255
255
255
255
255
255
255
255
255
255
255
255
255
255
255
255
255
255
255
255
255
255
255
255
255
255
255
255
255
  0
 38
105
 84
 86
 44
 74
 15
  0
255
255
255
255
255
255
255
255
255
  0
  0
 15
 46
 50
 21
 37
  8
  0
255
255
255
255
255
255
255
255
255
255
255
255
255
255
255
255
255
255
255
255
255
255
255
255
255
255
255
255
255
255
255
255
255
255
255
255
255
255
255
255
255
255
255
255
255
255
255
255
255
255
255
255
255
  0
  5
 51
 54
 50
 31
 22
  9
255
255
255
255
255
255
255
255
255
255
255
255
  0
  0
  0
  0
  0
  0
255
255
255
255
255
255
255
255
255
255
255
255
255
255
255
255
255
255
255
255
255
255
255
255
255
255
255
255
255
255
255
255
255
255
255
255
255
255
255
255
255
255
255
255
255
255
255
255
255
255
255
255
255
255
255
  0
  4
  9
  7
  5
  0
  0
255
255
255
255
255
255
255
255
255
255
255
255
255
  0
  0
255
255
255
255
255
255
255
255
255
255
255
255
255
255
255
255
255
255
255
255
255
255
255
255
255
255
255
255
255
255
255
255
255
255
255
255
255
255
255
255
255
255
255
255
255
255
255
255
255
255
255
255
255
255
255
255
255
255
255
255
  0
  0
  0
  0
255
255
255
255
255
255
255
255
255
255
255
255
255
255
255
255
255
255
255
255
255
255
255
255
255
255
255
255
255
255
255
255
255
255
255
255
255
255
255
255
255
255
